131
132
66
96
40
117
153
109
98
72
207
89
169
215
77
116
20
35
98
58
213
163
48
121
67
119
139
21
43
94
81
72
186
44
61
203
12
119
121
178
137
159
189
15
110
189
26
24
120
23
119
51
150
52
161
207
159
136
125
115
130
68
200
202
109
135
150
205
16
157
75
51
86
115
60
214
146
24
195
150
21
139
174
73
115
175
113
200
75
90
14
151
93
112
84
46
167
20
140
96
79
202
179
37
28
151
92
95
201
137
122
48
76
32
155
202
56
25
161
165
181
200
151
127
129
183
143
97
173
217
191
21
217
16
159
58
132
135
121
79
42
57
11
181
70
35
153
108
153
63
57
207
132
37
188
71
178
121
136
61
111
155
134
213
18
29
37
203
63
102
181
203
113
109
116
49
19
47
40
49
163
69
53
214
114
130
129
63
18
23
172
171
12
163
18
213
151
186
27
86
28
99
51
11
130
97
21
33
132
150
56
67
44
15
11
173
155
115
121
207
90
94
41
37
93
87
163
204
124
217
137
73
213
153
193
21
23
140
41
148
15
102
148
65
186
137
56
108
74
198
100
103
203
133
158
96
76
53
20
183
117
33
93
195
12
187
191
25
51
71
125
136
93
61
165
77
189
37
217
110
106
33
21
138
172
29
21
125
194
189
135
153
211
12
213
40
72
69
165
187
164
200
168
17
191
216
64
218
157
140
111
153
28
166
18
205
181
57
19
32
174
151
214
72
100
94
103
41
10
132
127
191
129
79
120
146
38
193
28
107
15
146
208
142
202
68
43
38
135
64
172
141
31
121
13
73
55
43
199
129
68
207
19
77
161
193
76
197
196
175
70
33
190
140
164
133
205
175
83
40
107
42
64
159
156
64
148
131
208
38
15
81
102
146
108
94
102
51
93
102
151
184
61
198
191
176
69
153
129
41
85
188
113
113
21
126
98
76
162
209
175
36
22
84
46
127
217
61
61
129
38
184
15
185
31
36
83
215
162
198
70
157
172
196
201
58
192
141
69
70
161
85
144
97
58
100
51
188
64
194
62
212
167
15
206
56
179
87
192
49
95
203
40
18
39
125
53
90
180
98
98
37
95
212
51
142
212
157
75
168
150
70
57
183
118
82
197
130
191
31
208
17
178
14
104
79
207
56
173
197
23
190
53
111
44
109
27
112
185
20
178
98
180
96
190
215
29
132
156
60
35
14
130
178
47
27
118
167
112
152
63
184
134
214
216
16
132
11
156
165
181
156
11
94
131
90
162
18
95
99
197
66
141
71
31
29
196
27
143
213
114
15
60
59
55
17
187
62
15
202
56
136
158
44
54
186
37
60
109
182
211
114
42
207
26
112
137
135
190
217
85
148
111
95
71
10
122
196
220
16
90
162
205
50
200
208
103
195
64
184
69
19
64
219
109
130
46
120
113
179
47
159
105
186
204
98
155
48
181
110
57
217
150
64
113
150
72
58
97
133
182
170
15
42
163
141
77
71
122
153
199
88
70
84
36
53
71
84
220
47
193
139
211
182
215
32
121
77
162
151
139
159
68
164
13
96
147
104
28
37
13
165
101
88
42
195
165
128
209
31
138
103
141
128
59
40
138
92
117
41
214
119
171
71
70
129
41
65
109
39
146
47
87
158
33
197
212
220
172
69
12
40
79
83
199
15
193
46
41
170
16
217
157
122
42
108
27
189
158
215
84
197
25
212
103
22
25
82
45
13
106
62
160
26
170
139
105
105
42
139
140
58
208
151
98
185
88
53
59
118
103
16
150
192
201
190
70
69
109
12
80
113
187
21
118
53
98
114
216
168
186
69
114
44
173
21
145
216
196
101
203
208
16
87
201
64
120
212
84
17
77
138
173
87
186
205
25
139
58
180
142
37
157
60
24
110
24
145
182
215
89
108
131
104
194
110
195
171
42
95
107
69
125
48
104
32
174
195
51
57
177
192
158
63
189
100
23
59
86
123
202
29
138
21
89
68
207
39
190
84
43
47
185
101
164
175
215
60
201
154
49
102
184
56
16
199
211
106
177
211
167
122
160
183
15
109
177
183
27
150
20
206
102
168
203
134
25
152
181
93
79
88
104
136
121
152
211
29
139
38
69
139
175
17
13
174
80
18
102
142
53
136
102
158
132
171
212
10
114
163
171
67
219
32
186
106
119
210
80
156
144
115
30
166
111
213
207
189
104
69
128
57
29
153
45
213
141
171
179
57
101
141
52
179
215
108
161
168
213
80
77
122
79
150
77
62
177
132
32
170
